I = 1 :
-31.53659 1.0000
-18.41205 1.0000
-12.28090 1.0000
-11.37165 1.0000
-11.37156 1.0000
 -4.22941 0.0000
 -4.22939 0.0000
 -0.37564 0.0000
  1.72684 0.0000
  1.93941 0.0000
  2.17181 0.0000
  2.28478 0.0000
  2.55631 0.0000
  2.82670 0.0000
  3.93598 0.0000
  4.53550 0.0000
  4.59622 0.0000
  4.68452 0.0000
  4.75695 0.0000
  4.85247 0.0000
  4.90457 0.0000
  4.97072 0.0000
  5.05572 0.0000
  5.28154 0.0000
  5.29993 0.0000
  6.09042 0.0000
  6.15517 0.0000
  7.43497 0.0000
  7.50348 0.0000
  7.54044 0.0000
  7.56378 0.0000
  7.76792 0.0000
  7.77825 0.0000
  8.12280 0.0000
  8.31022 0.0000
  8.69882 0.0000
  9.04125 0.0000
  9.64546 0.0000
 10.17666 0.0000
 11.17901 0.0000
 11.24893 0.0000
 11.34686 0.0000
 11.55232 0.0000
 11.60892 0.0000
 11.67464 0.0000
 11.78441 0.0000
 11.87831 0.0000
 11.93280 0.0000
 11.98911 0.0000
 12.21532 0.0000
 12.44910 0.0000
 12.68636 0.0000
 12.70872 0.0000
 12.72353 0.0000
 13.05704 0.0000
 13.23979 0.0000
 13.42874 0.0000
 13.97056 0.0000
 13.97663 0.0000
 14.02343 0.0000
 14.14260 0.0000
 14.20117 0.0000
 14.25218 0.0000
 14.36363 0.0000
 14.40711 0.0000
 14.42691 0.0000
 14.46961 0.0000
 14.60609 0.0000
 14.66298 0.0000
 14.67115 0.0000
 14.93558 0.0000
 14.97809 0.0000
 15.08674 0.0000
 15.38304 0.0000
 15.44364 0.0000
 15.52680 0.0000
 15.53023 0.0000
 15.79030 0.0000
 16.05366 0.0000
 16.13259 0.0000
 16.29617 0.0000
 16.64969 0.0000
 16.66286 0.0000
 16.71160 0.0000
 16.71896 0.0000
 16.90439 0.0000
 17.30336 0.0000
 17.38684 0.0000
 18.60440 0.0000
 18.96188 0.0000
 19.49503 0.0000
 19.51717 0.0000
 19.67560 0.0000
 20.23748 0.0000
 20.43363 0.0000
 20.43639 0.0000
 20.88172 0.0000
 21.03600 0.0000
 21.22391 0.0000
 21.24630 0.0000
 21.64459 0.0000
 21.96314 0.0000
 22.03819 0.0000
 22.07029 0.0000
 22.19972 0.0000
 22.28556 0.0000
 22.44148 0.0000
 22.59912 0.0000
 22.62249 0.0000
 22.71577 0.0000
 22.82265 0.0000
 23.02390 0.0000
 23.02992 0.0000
 23.07965 0.0000
 23.11522 0.0000
 23.14126 0.0000
 23.49178 0.0000
 23.53240 0.0000
 23.53899 0.0000
 23.54699 0.0000
 23.59445 0.0000
 23.74769 0.0000
 23.77880 0.0000
 23.80085 0.0000
 23.82238 0.0000
 23.94873 0.0000
 24.02891 0.0000
 24.17588 0.0000

I = 2 :
-28.25668 1.0000
-19.72477 1.0000
-11.92853 1.0000
-10.06404 1.0000
-10.06395 1.0000
 -5.40233 0.0000
 -5.40173 0.0000
 -0.31910 0.0000
 -0.24272 0.0000
  1.88915 0.0000
  2.22098 0.0000
  2.23902 0.0000
  2.40509 0.0000
  2.60682 0.0000
  2.98125 0.0000
  4.47504 0.0000
  4.59400 0.0000
  4.73274 0.0000
  4.74753 0.0000
  4.83775 0.0000
  4.84019 0.0000
  4.98421 0.0000
  5.13067 0.0000
  5.41228 0.0000
  5.41916 0.0000
  5.44719 0.0000
  6.19524 0.0000
  7.31901 0.0000
  7.32981 0.0000
  7.67504 0.0000
  7.69367 0.0000
  7.76549 0.0000
  7.80612 0.0000
  8.02458 0.0000
  8.38009 0.0000
  8.68985 0.0000
  9.13728 0.0000
  9.83962 0.0000
 10.25253 0.0000
 11.10026 0.0000
 11.15888 0.0000
 11.33678 0.0000
 11.53964 0.0000
 11.72550 0.0000
 11.73802 0.0000
 11.91549 0.0000
 11.93305 0.0000
 11.94520 0.0000
 11.96674 0.0000
 12.38362 0.0000
 12.47301 0.0000
 12.70616 0.0000
 12.76499 0.0000
 12.81413 0.0000
 13.13483 0.0000
 13.36098 0.0000
 13.57348 0.0000
 13.96201 0.0000
 13.97222 0.0000
 14.06392 0.0000
 14.13389 0.0000
 14.21817 0.0000
 14.24921 0.0000
 14.32028 0.0000
 14.37974 0.0000
 14.46816 0.0000
 14.61834 0.0000
 14.64509 0.0000
 14.78038 0.0000
 14.83144 0.0000
 15.03893 0.0000
 15.17254 0.0000
 15.21313 0.0000
 15.34916 0.0000
 15.37179 0.0000
 15.48777 0.0000
 15.70012 0.0000
 15.77229 0.0000
 16.22634 0.0000
 16.29207 0.0000
 16.38292 0.0000
 16.57076 0.0000
 16.59572 0.0000
 16.67789 0.0000
 16.85532 0.0000
 16.91362 0.0000
 17.35029 0.0000
 17.52673 0.0000
 18.65692 0.0000
 18.77612 0.0000
 19.49665 0.0000
 19.62643 0.0000
 19.73339 0.0000
 19.83269 0.0000
 20.28455 0.0000
 20.37653 0.0000
 21.03340 0.0000
 21.24689 0.0000
 21.31630 0.0000
 21.39959 0.0000
 21.58927 0.0000
 21.89148 0.0000
 22.02301 0.0000
 22.21146 0.0000
 22.21930 0.0000
 22.32005 0.0000
 22.50720 0.0000
 22.61670 0.0000
 22.63693 0.0000
 22.86356 0.0000
 22.91709 0.0000
 22.93170 0.0000
 22.96897 0.0000
 23.12425 0.0000
 23.26224 0.0000
 23.29602 0.0000
 23.32283 0.0000
 23.45531 0.0000
 23.52726 0.0000
 23.54825 0.0000
 23.66137 0.0000
 23.76055 0.0000
 23.79344 0.0000
 23.79874 0.0000
 23.92433 0.0000
 24.06870 0.0000
 24.26158 0.0000
 24.27989 0.0000

I = 3 :
-30.97077 1.0000
-18.59124 1.0000
-12.21704 1.0000
-11.13155 1.0000
-11.13144 1.0000
 -4.40819 0.0000
 -4.40776 0.0000
 -0.25553 0.0000
  1.71760 0.0000
  2.03852 0.0000
  2.24594 0.0000
  2.44525 0.0000
  2.62828 0.0000
  3.02571 0.0000
  3.77709 0.0000
  4.56616 0.0000
  4.78842 0.0000
  4.79251 0.0000
  4.81975 0.0000
  4.93010 0.0000
  4.96722 0.0000
  5.16962 0.0000
  5.17952 0.0000
  5.41520 0.0000
  5.42482 0.0000
  5.98160 0.0000
  6.31072 0.0000
  7.43579 0.0000
  7.58756 0.0000
  7.68607 0.0000
  7.69486 0.0000
  7.90873 0.0000
  7.92411 0.0000
  8.26596 0.0000
  8.31727 0.0000
  8.74395 0.0000
  9.27229 0.0000
  9.76587 0.0000
 10.29108 0.0000
 11.29136 0.0000
 11.31611 0.0000
 11.37095 0.0000
 11.69375 0.0000
 11.71539 0.0000
 11.90451 0.0000
 11.98717 0.0000
 12.00492 0.0000
 12.05368 0.0000
 12.07034 0.0000
 12.27290 0.0000
 12.53247 0.0000
 12.82119 0.0000
 12.84257 0.0000
 12.86169 0.0000
 13.17855 0.0000
 13.43511 0.0000
 13.61291 0.0000
 14.03967 0.0000
 14.04030 0.0000
 14.11491 0.0000
 14.26780 0.0000
 14.28680 0.0000
 14.34037 0.0000
 14.46024 0.0000
 14.50622 0.0000
 14.51073 0.0000
 14.65758 0.0000
 14.70170 0.0000
 14.87097 0.0000
 14.90208 0.0000
 15.11273 0.0000
 15.25139 0.0000
 15.25281 0.0000
 15.39429 0.0000
 15.53559 0.0000
 15.59735 0.0000
 15.70379 0.0000
 15.93893 0.0000
 16.29229 0.0000
 16.32003 0.0000
 16.52755 0.0000
 16.68844 0.0000
 16.74287 0.0000
 16.82131 0.0000
 16.90096 0.0000
 17.02146 0.0000
 17.39845 0.0000
 17.56932 0.0000
 18.73106 0.0000
 18.98450 0.0000
 19.61305 0.0000
 19.62747 0.0000
 19.82887 0.0000
 20.23538 0.0000
 20.48711 0.0000
 20.52121 0.0000
 20.98888 0.0000
 21.14195 0.0000
 21.36154 0.0000
 21.49052 0.0000
 21.69164 0.0000
 22.06381 0.0000
 22.11286 0.0000
 22.15461 0.0000
 22.32827 0.0000
 22.33668 0.0000
 22.55532 0.0000
 22.74053 0.0000
 22.74148 0.0000
 22.94790 0.0000
 23.00121 0.0000
 23.06932 0.0000
 23.07748 0.0000
 23.24023 0.0000
 23.25581 0.0000
 23.37538 0.0000
 23.52537 0.0000
 23.64342 0.0000
 23.64830 0.0000
 23.66270 0.0000
 23.70005 0.0000
 23.88883 0.0000
 23.88988 0.0000
 23.92692 0.0000
 23.98252 0.0000
 24.05121 0.0000
 24.24953 0.0000
 24.29243 0.0000

